C;101;4;0;10;5
C;102;8;5;3;7
H;103;6;0;2;2;3
H;104;3;3;3;3;2
C;105;6;1;6;10
C;106;0;1;7;8
H;107;8;6;6;2;4
C;108;1;7;1;6
C;109;2;6;20;7
H;110;6;3;6;3;3
C;111;9;7;9;6
C;112;8;0;5;7
H;113;0;7;1;6;4
H;114;2;2;7;8;4
C;115;4;4;4;8
C;116;5;7;15;5
H;117;1;5;5;5;3
C;118;5;5;2;5
C;119;3;5;8;5
H;120;7;1;18;4;4
C;121;2;9;9;3
C;122;3;4;1;4
H;123;4;2;4;4;4
H;124;0;4;8;8;2
C;125;0;0;17;7
C;126;1;0;9;10
H;127;9;2;2;3;3
C;128;3;2;6;10
C;129;8;1;2;6
H;130;4;3;8;7;2
C;131;7;4;12;8
C;132;6;9;7;9
H;133;7;0;6;2;2
H;134;8;7;4;6;4
C;135;4;1;8;6
C;136;7;6;10;7
H;137;3;7;9;6;4
C;138;6;8;6;10
C;139;8;8;12;8
H;140;2;1;7;8;2
C;141;0;6;14;7
C;142;1;9;19;9
H;143;0;3;3;7;3
H;144;1;8;2;2;4
C;145;9;8;8;5
C;146;3;0;3;7
H;147;5;9;9;2;2
C;148;9;0;12;10
C;149;7;8;1;10
H;150;5;5;20;8;4
C;151;2;5;2;7
C;152;4;9;4;5
H;153;8;2;5;5;4
H;154;5;4;5;5;4
C;155;1;3;3;6
C;156;8;4;14;7
H;157;4;7;8;6;4
C;158;6;6;7;8
H;159;0;5;4;4;4
C;160;7;7;9;10
C;161;2;8;7;10
H;162;1;1;10;3;3
C;163;9;9;10;8
H;164;3;1;3;3;3
H;165;1;6;9;6;2
C;166;8;3;6;6
C;167;6;1;8;10
H;168;6;7;6;8;2
C;169;4;6;13;6
C;170;2;4;12;6
H;171;1;4;7;6;4
H;172;6;4;8;7;3
C;173;3;9;11;8
C;174;4;5;2;10
H;175;2;0;4;4;4
C;176;1;0;10;10
C;177;7;3;3;6
H;178;1;7;3;8;3
H;179;4;8;2;2;2
C;180;1;2;9;10
C;181;0;8;15;6
H;182;3;8;8;6;3
H;183;6;2;8;8;2
C;184;9;6;16;8
C;185;7;9;9;9
H;186;8;5;6;3;3
C;187;0;9;18;6
C;188;5;0;1;10
H;189;7;5;10;8;2
H;190;3;5;7;3;3
C;191;4;3;10;7
C;192;9;4;10;6
H;193;4;6;7;7;3
H;194;5;8;8;7;2
C;195;3;3;16;8
C;196;1;1;4;10
H;197;7;4;4;4;4
C;198;8;8;7;6
C;199;5;6;5;7
H;200;0;2;2;8;2